time,x,y,z,phi,theta,psi,x_velocity,y_velocity,z_velocity,phi_velocity,theta_velocity,psi_velocity,rotor_speed1,rotor_speed2,rotor_speed3,rotor_speed4,reward
1.740000000000001,-0.6928217999625689,-0.9076235801985094,0.0,4.16710220822652,1.0382617697118137,0.0,-2.937983011838243,-0.8119234158230298,-13.945969176188962,-6.805124409168836,0.4439906196884439,0.0,429.48119415028856,454.5091204040383,427.02904142908056,386.2822934833597,1,87
1.740000000000001,-0.5879553131901293,-0.9256467026848181,0.0,4.150263634325272,0.857898146125363,0.0,-2.503968055140354,-1.0014839460137868,-13.808797984298016,-6.872623351933484,-0.08683091969613618,0.0,435.6864723790875,452.38812968401777,426.88108081066645,382.9251077222011,2,174
1.740000000000001,-1.845689078178142,-1.288379538569915,0.0,3.9957211983554295,0.5013403438936264,0.0,-2.4384192863277816,-1.8662866623765386,-13.838955972623259,-7.473345397531058,0.9260884089122354,0.0,438.44238640880144,438.30234207308376,452.0187239786247,392.8298342621437,3,261
1.620000000000001,-2.0305499463635743,-0.4491408934070895,0.0,1.676555235203728,4.67407498899825,0.0,-1.3854807470587842,-0.5913919087397664,-12.39568010943023,-9.232780693048745,9.069375635052415,0.0,305.5460623991701,437.29898089362456,432.64366729803385,353.7411742856708,4,342
1.560000000000001,-1.6036499256401577,1.0716696306582767,0.0,1.9727156006016031,1.903201666028405,0.0,-0.9520543732241284,1.926664880967873,-14.832717985478928,-8.158642049398562,9.611458292929402,0.0,392.28155767607996,381.3979347194753,444.311494451016,440.83199432637986,5,420
1.4400000000000008,-0.5802327326374459,-0.4870660553483827,0.0,2.247252473692104,4.217961523030279,0.0,-0.29568677754576134,-1.1850182963349534,-14.039652631793766,-9.45311682893242,11.209646903903332,0.0,312.2235998790601,454.7441138377874,444.6527335529946,399.4411650760002,6,492
1.5000000000000009,-0.650611973486967,-0.9938228146416547,0.0,0.6826878601306348,1.140926929814789,0.0,-0.18515332254447459,0.4597797109690452,-12.533014758441016,-10.181780931965982,13.475168498740969,0.0,303.52029272731306,536.7609780377768,517.5256376340299,385.14407415966417,7,567
1.560000000000001,-0.289428048669839,0.12170319624300868,0.0,6.192870003015193,5.067694101669137,0.0,0.38596967521641024,0.5749255663602271,-14.23237674799611,-8.899043050035251,11.094822587124831,0.0,278.3454105976748,421.55593429530796,426.02703156651245,403.13674537394866,8,645
1.5000000000000009,-0.13163454529469737,-0.23224786858437976,0.0,0.814314560116645,4.988142631927438,0.0,0.4587089965817899,-0.17581139579287305,-14.07296091058497,-9.384883981549468,12.531640084628785,0.0,286.80754331547774,433.465541941255,416.9548422973138,411.79286732694277,9,720
1.5000000000000009,-0.2256100222675424,-0.3597873097892401,0.0,1.264198698197152,4.314700635003739,0.0,0.22212398108232786,-0.282773754902354,-13.829082850881854,-8.53118020415878,12.396379804535561,0.0,298.0712554050123,448.1036245387077,418.478305195442,415.47575323390606,10,795
1.4400000000000008,-0.20482876786563306,-0.21351584437684762,0.0,2.1018815309222774,5.381666750951769,0.0,0.6737032698990415,-0.22233862814429772,-14.268927861151939,-8.745996074033743,13.387510006904233,0.0,261.35763524299307,475.69465303708245,405.82054677363277,402.1541444382215,11,867
1.5000000000000009,-0.07759310657068705,-0.1042318813148596,0.0,1.9902289290301898,0.5056524176447743,0.0,0.6701370857897493,0.5770831986845832,-14.511346725548318,-7.163453249424047,13.634952175541757,0.0,226.45899464137827,472.079670410139,376.7003721823283,411.7758319884534,12,942
1.4400000000000008,-0.086308748624745,-0.5071010577121972,0.0,2.6422180551847703,4.59939793583227,0.0,0.2173749517450662,-0.741622822968032,-14.072243957372002,-8.328593539702462,12.586250705493097,0.0,287.9538204033541,469.02926905165594,414.0126454753846,422.02008036881045,13,1014
1.4400000000000008,-0.7104885379284043,-0.30723209645267213,0.0,3.04104437592963,3.761240211397631,0.0,-0.8177494034321757,-0.8503894873063387,-13.924893887849981,-7.720229266202207,10.156890620743388,0.0,308.79339417467804,435.1318288838083,417.4675391948084,419.8434468750826,14,1086
1.560000000000001,-1.6344365155543388,0.4536503667896303,0.0,2.0454413951926806,0.3839339973419884,0.0,-0.5457080291976175,1.886531985862453,-13.979338800253554,-6.530757161447267,10.933500455836832,0.0,235.26543011798864,425.9510449419879,375.0771228875596,387.61723295174374,15,1164
1.560000000000001,-1.7663093691984766,-0.38244950558064217,0.0,1.9116325308169788,6.191633532306049,0.0,-0.3286719652918595,0.10740681590060908,-13.475394439149676,-6.723112078509479,11.212786374374724,0.0,260.41998107222275,440.6676712706726,368.8300177217134,376.9701746632775,16,1242
1.5000000000000009,-0.4450400112531634,-0.11062895147913022,0.0,2.3151245904062208,0.06471217807935936,0.0,0.5509788035955288,0.3337003571420736,-14.685086516031687,-7.7265387721617635,13.129046151505388,0.0,268.42721668261726,479.1235129757525,388.8516754882766,380.55699385601207,17,1317
1.4400000000000008,-0.3354256044321096,-0.06105756446774564,0.0,3.1596200695236973,2.608969256193239,0.0,-0.09289820959561458,0.05660965380766898,-14.58572138752049,-7.727366680631061,12.224925273853827,0.0,356.6703849440165,419.1058861660789,440.2582005436593,407.09724359282666,18,1389
1.4400000000000008,-0.29920151564041164,-0.2670279095103221,0.0,2.1618990318248077,3.4415565820896727,0.0,-0.15062426962673045,-0.18694046044303736,-14.048131638598619,-8.769415276146884,11.244614765303822,0.0,349.4896122969526,451.3755844902611,422.22249106540886,395.7355585814002,19,1461
1.4400000000000008,-0.5461978293360393,-0.9511582280203136,0.0,1.8764070232965953,4.870856416658922,0.0,0.39579684452017416,-2.012938814900239,-13.207292877468,-8.3304225583366,8.286238039184518,0.0,391.09910646237233,419.1313554030687,440.0719026626965,442.8500716586961,20,1533
1.680000000000001,-0.1377943441696174,-2.4849005852853954,0.0,2.1844286078523947,3.955438296837338,0.0,-0.4888034996636577,-2.579989963559752,-10.967288918846563,-13.465153901867808,12.551929108002277,0.0,336.5549806028538,481.1717392310951,501.73279142301584,371.897042816298,21,1617
1.560000000000001,-0.5832966637621569,-4.888042871764125,0.0,2.8202112037586176,1.4492197797583302,0.0,-0.18138237954549322,-5.480867548105536,-16.255529485973575,-16.619186431386417,17.084402649871926,0.0,270.3334599129092,565.4346288055297,556.6152980947481,273.6289602953286,22,1695
1.740000000000001,-0.24811993984713587,-5.478803894186595,0.0,5.817316588032966,5.139519885795844,0.0,-0.09847399879605401,-7.548558825525752,-13.017377861482196,-19.471672576044337,20.71867107111871,0.0,174.01779363963058,678.7262118593369,602.6656775612228,192.20296607279013,23,1782
1.680000000000001,0.13131784965122037,-5.685575558647764,0.0,5.092932033015563,5.698560928696317,0.0,0.4565556647404719,-7.971290617308681,-14.327516338448055,-21.530529235213695,22.696471829077094,0.0,98.70725236471901,736.2074133128381,660.0306896426349,119.27636521296746,24,1866
1.620000000000001,0.2271608846301619,-2.365823677132814,0.0,2.8674696728554885,6.119857570355849,0.0,0.9585429109559628,-2.870454600047314,-16.38739392559281,-20.2655615730232,15.57217005173214,0.0,187.8204297518355,493.6767737099132,631.774094240851,177.3616722865812,25,1947
1.3800000000000008,-0.2629585853525478,1.8154971999415268,0.0,4.908539936109296,2.3476630680403545,0.0,-0.3157150788365105,3.4504320173198315,-14.329035621877715,-15.414246651614192,10.463728304044295,0.0,317.89775361519014,422.6173360876252,549.3384583256479,337.5123243705329,26,2016
1.5000000000000009,-0.35297652061740464,1.3044768759211316,0.0,3.013147602088427,3.2633122333339983,0.0,-0.7710174988451309,2.1388959777109453,-13.98839200621508,-15.620511963629756,7.081319103584882,0.0,323.1665203870921,327.5270095430643,540.0717575372902,336.8279848963618,27,2091
1.560000000000001,-1.259204141920397,-0.47986058308196305,0.0,4.799514584159169,4.861176674140005,0.0,-0.41031628053808744,1.1550701055333017,-16.1676134324194,-11.142346613369526,4.615445054899661,0.0,349.1671191153691,241.3078821668153,497.1663659143902,505.2610126617299,28,2169
1.3800000000000008,-1.1131559362195076,1.0246931998351547,0.0,5.412201323007526,0.41589340915163575,0.0,0.18821098024786942,0.043570153407565954,-14.689293651622675,-4.787014588074639,2.0556719507927963,0.0,330.61912811410417,172.991279397568,444.5704637179808,550.5981875009383,29,2238
1.620000000000001,-2.1081033957899034,-0.07408890025134782,0.0,5.349031579431095,1.1046101672265944,0.0,-1.4685727639225108,-0.6143803986139617,-12.511011112562063,-8.871184904623293,0.3609245335389327,0.0,385.04073039403704,284.36993296605203,551.0443933011381,415.18747150067287,30,2319
1.3200000000000007,-0.41739356857321847,-0.7544501012849258,0.0,0.5632256549306671,2.3993354813329795,0.0,-1.094540632209906,1.3508868864585293,-13.591302688257455,-13.594360609427142,5.667034483064985,0.0,364.2180302612866,298.0025338280937,588.9070131291734,504.8126686778743,31,2385
1.2600000000000007,0.26823296881363445,3.4022451894705967,0.0,4.4958723111508405,4.138432519282187,0.0,0.1698744547217253,5.75891681137558,-14.874859256868158,-3.5903241326562823,1.7091822530182579,0.0,455.43682881573585,168.70634816706382,389.28858598305413,604.9068359667485,32,2448
1.4400000000000008,0.36491393079299805,-2.2723253584499425,0.0,0.09444801351817933,1.9147352834412068,0.0,-0.7980784516834611,-0.07209045323254815,-15.068720003142205,-17.918786649240914,9.67889610596889,0.0,260.25714194066563,337.1408234095809,749.3585143967181,524.0717972187915,33,2520
1.5000000000000009,1.213278504539895,4.108334650611655,0.0,1.9625564824423947,1.9221591879624889,0.0,-0.26487318829168355,3.762740789779806,-13.698682587226076,-3.0183829779982116,-1.3812639240647486,0.0,393.12922030808016,252.7193984922606,499.3863400384465,481.62685009784457,34,2595
1.620000000000001,1.0299257341295645,3.810536205733059,0.0,2.6246895775689936,1.307325697337669,0.0,-0.3788328617887159,1.0306084011500605,-15.81499991497928,-9.680672853445934,0.6046367335831291,0.0,367.5926031103682,276.4580437236338,520.3919655432314,456.4426033268792,35,2676
1.620000000000001,-0.2118912142342315,2.54257531024011,0.0,1.5142091072957644,4.490179923549899,0.0,-1.745665171875715,1.3766953362563115,-12.920748961730919,-5.087078051922185,-2.0673832664616247,0.0,500.517281040669,212.61896866815584,387.05871072276693,574.122249129108,36,2757
1.2600000000000007,-0.11291923110573542,2.1266064300674303,0.0,6.0966757423074895,2.9637319240131976,0.0,-0.7846523720804078,3.9956036049986468,-15.50138128058213,-7.783245837684013,1.2852331483433659,0.0,421.82970239404165,250.27703622727756,624.2026653641217,518.9278720176751,37,2820
1.5000000000000009,0.0624261058140299,1.2470640433931226,0.0,4.57467375699952,5.812974038358163,0.0,0.3246758048151627,0.7142591141650039,-12.558062562511468,-0.959302332802735,-4.644735861156082,0.0,495.61700237760266,134.23232647410757,281.0603014415003,561.2466803950257,38,2895
1.620000000000001,-0.38173776119231,-0.6451304071748031,0.0,2.191268928318163,5.715244319177735,0.0,-0.9245648805739677,0.8470247643557953,-14.210265779142752,-15.673654101549934,-11.36144596599536,0.0,642.665938808729,168.40330040635175,588.5678081480742,400.9702337895642,39,2976
1.740000000000001,7.302174085393909,2.385206673751416,0.0,1.867405324546759,3.546222215757462,0.0,8.864740789811338,2.1090873351401687,-13.00312608017525,-26.870788021555803,-18.39262818213547,0.0,663.7499536408208,116.74642938621062,857.9803891436977,133.88281370861498,40,3063
1.680000000000001,-1.8194302644442133,-0.3090905303058994,0.0,5.757842158446618,3.192777575588684,0.0,0.5697265897937567,1.1296987478165041,-12.799484203843404,-12.765317697632696,-28.18430387566865,0.0,899.9359349136611,6.132080048266351,272.2809436069715,4.122209944116415,41,3147
1.5000000000000009,-8.747761680986205,-1.331701877916863,0.0,5.651732636705923,5.671106253625894,0.0,-8.13368330262852,0.0986028249619797,-12.858692911564914,-17.325594875244,-23.283304121210076,0.0,833.8737481212858,141.20781092532124,506.92710723838997,165.98259673713596,42,3222
1.5000000000000009,-7.335878305208537,0.5637229481905596,0.0,6.251293265537577,5.480165387598525,0.0,-8.180896078852607,1.7298915671254986,-13.8512569921086,-17.432923481605677,-23.90093605060904,0.0,765.5565727123267,179.7714134244945,590.0901834078026,181.22041785575905,43,3297
1.5000000000000009,-1.0166816566487646,-1.2095219280796174,0.0,1.0097090878502604,5.84736732167843,0.0,-1.5294937158210034,-2.6426774011724627,-15.950859903172239,-22.929500241761186,-22.07663566527475,0.0,890.8082414923817,13.658228954045676,754.3043265416253,5.09853444356467,44,3372
1.560000000000001,-6.288481712294835,1.1263245656347556,0.0,0.6669354247238886,4.9597756172454766,0.0,-6.6780480358084775,3.386117666713243,-13.227626932239001,-16.195742181200636,-26.496369310206532,0.0,878.8733000349865,34.19845398185351,531.9137620045035,67.08548125173014,45,3450
1.4400000000000008,-5.845033735587625,0.9269160441219672,0.0,3.8481476765334826,5.663588954393358,0.0,-7.764136922574085,1.475118799750664,-15.591824371192082,-14.40126624128428,-22.035485589418784,0.0,659.9335148040333,168.69721453088957,509.2756598899485,278.9426156039485,46,3522
1.8600000000000012,-5.118217899589904,2.2720133613644693,0.0,4.718536566624902,1.825759256234365,0.0,-4.472638655329621,2.5309752556638743,-14.045652885584493,-10.601375425589712,-27.90950032408726,0.0,871.6078011078731,22.78778307210752,292.17308827029245,137.19363956174502,47,3615
1.620000000000001,-2.0494934916705407,1.0670177898404047,0.0,2.9123685779126802,0.5784866477707986,0.0,-2.5405113467762135,2.5514709546962773,-14.35552801340778,-9.583082738437566,-23.877231827842312,0.0,696.8997979542537,178.69838520094768,385.5224337134668,299.3812584195468,48,3696
1.4400000000000008,-2.1882895898685635,0.1744690301178152,0.0,5.708378276282421,5.634811216773771,0.0,-1.6559430503650205,-0.07902095877821796,-14.364742666823275,-11.62710759764295,-21.194950095496765,0.0,762.6460263238132,214.93462111766104,363.85071281618775,237.7220476959889,49,3768
1.620000000000001,1.9089618361225984,2.2970287810739904,0.0,1.3424760045355448,5.815788319015919,0.0,0.910549983242563,2.6698287130815292,-15.263586087354275,-15.407148030670998,-23.32059206075886,0.0,792.7274263056764,216.12926404977705,326.16544973328394,91.17991937746007,50,3849
1.5000000000000009,0.7755539558938032,0.09935944255642595,0.0,1.2175271147893376,6.0782087462373005,0.0,-2.3883758896182994,2.2361926994991084,-13.945462757317383,-24.079935447081773,-18.068372612528567,0.0,539.4246736322605,166.25788678071208,757.6677364184821,213.49415937364972,51,3924
1.620000000000001,-0.7455235696162897,1.5584919931241434,0.0,1.1464433474883542,5.663326815484304,0.0,-2.03745056593814,1.9122307216002197,-14.20530564971468,-11.06345925189748,-20.179803419278773,0.0,660.9733666665757,252.9845468719054,328.4147913345456,324.6197089870631,52,4005
1.560000000000001,0.5260719555647732,-0.7299962100597046,0.0,5.109566339195435,5.628558519402974,0.0,1.849200098280606,-0.5843072806167987,-14.397865869715414,-23.652708802461888,-18.41353443776717,0.0,664.9510735817453,264.1672994741906,669.8200202077544,37.851775889645836,53,4083
1.8000000000000012,-1.4340059458996197,-11.07085927729431,0.0,2.128465116794846,3.320624461518854,0.0,-0.05025699860733862,-14.852249467805244,-11.954035184903987,-27.994382073214727,-28.159431250052588,0.0,891.6411290560188,88.84295729102094,898.9690255507497,186.06318544106352,54,4173
2.3400000000000016,-3.796084508997243,-5.071010435208415,0.0,0.22592201842844428,5.610777276235577,0.0,-2.8510160064456134,-2.1484548572370117,-12.81904165679937,-18.835954348841355,-24.876929731824553,0.0,733.4964614823992,67.57847109478882,756.6450772971277,533.807361371373,55,4290
1.680000000000001,-5.064124550012306,3.258619885838206,0.0,5.132212527141345,1.3084468096463375,0.0,-4.556671593193284,2.1863223961597056,-15.448753341960565,-5.142436973428796,-17.45648714341852,0.0,626.5261180001378,320.6777053437293,402.48860157770656,417.4726239930203,56,4374
1.740000000000001,-4.205992956276981,2.99348037001693,0.0,4.677391938730196,3.568656522807892,0.0,0.16943421576728154,0.5643851751716777,-18.966543517512044,-2.4473420327524207,-14.80174382390959,0.0,632.2566510487399,385.10461514291626,397.134374866236,445.60933690924054,57,4461
1.8600000000000012,-5.105224370694086,-0.61987983677427,0.0,4.444775257427725,3.6930569610894928,0.0,-0.6149138370965408,-1.980088579209014,-19.35293219578233,0.30572810252249966,-12.859847305183713,0.0,507.9320891660687,352.22844265475686,629.784138448214,679.8719960019847,58,4554
2.1000000000000014,-13.601413306586396,-7.412339836785639,0.0,3.204676720441018,3.712344646790765,0.0,-10.525720374133746,-4.4109660628773995,-7.984326006899079,-1.9976081374264016,-0.9575767762842181,0.0,396.5305250481935,160.57932444374293,841.2894964222618,837.6279221500178,59,4659
1.9800000000000013,1.6629245666929449,-0.6298882576249366,0.0,5.5827708086022305,4.219860017923143,0.0,-0.008262018171806829,0.7834757830346637,-15.9381321724412,-2.7095390545781886,7.0369339549497365,0.0,869.6923311551102,840.6849502371387,895.874448151548,861.4235758410796,60,4758
2.4000000000000017,-2.87503627137995,-0.8864209629238015,0.0,0.9424128175892923,0.37062515053082556,0.0,4.6507168476325855,-2.2597724732520894,-13.661547232549152,19.934944985314512,7.519706460002521,0.0,831.0376896475011,843.9738610887285,431.985815590882,815.3096935332113,61,4878
2.4600000000000017,-9.341309812212424,3.3612603177375058,0.0,2.243769191371147,1.2975012694556671,0.0,0.5321926182964062,5.375254687905118,-13.11351523666432,16.332249676123755,2.226154768684149,0.0,684.8322929456567,472.79974980978653,279.6353594652444,515.4384752045224,62,5001
1.3200000000000007,-10.234769694305669,-0.9201874493491643,0.0,2.2008706439592984,2.3059189637566195,0.0,-9.60986995021193,-1.6256240968158333,-15.815343945418116,21.010234153170074,1.7641760137977596,0.0,724.0749791050096,533.2072041979837,467.8230546159747,831.4994036879319,63,5067
1.1400000000000006,0.3709889505525452,0.005806115193414867,0.0,0.008763200745473654,4.044990765420845,0.0,1.0597929063986826,-0.025329129822318015,-14.363052356390646,0.5280122547321076,-27.147637022883607,0.0,879.0976314977978,320.27584670556234,875.0608671016412,893.5975837143388,64,5124
1.8600000000000012,3.063592762147322,-0.009344592569003227,0.0,0.08801891979831655,4.433744632798689,0.0,1.8614212770309781,0.07502005548218012,-13.52561824224078,0.21171283876716898,-28.3261132827132,0.0,895.3095544847812,164.02856370631625,898.1813756766279,898.772364105814,65,5217
2.0400000000000014,-0.0018075460041629193,-0.01769240375392649,0.0,0.2738020956408569,1.7282214059819534,0.0,1.1687745722359613,-0.3791725872432554,-15.777631496522819,0.9502204306670767,-25.62873730891544,0.0,826.9844167645941,256.65437857983693,846.4662850238649,852.0766024962129,66,5319
2.1600000000000015,-8.445996168444191,1.375978370857059,0.0,5.73576629684168,1.6737492741625948,0.0,-10.874622737083742,4.250286784743262,-10.910646332835475,14.272539981798495,-9.302468899907439,0.0,524.4333640220544,522.2109699728438,416.99040701859775,548.1963013010095,67,5427
2.0400000000000014,-9.598405197884881,0.0905117032440801,0.0,6.01766079259696,5.844425682120933,0.0,-13.886364653257527,-0.3573256984405986,-12.982059262433095,11.14230438419378,-7.349112933040312,0.0,531.4964776763356,461.1235383897493,537.9408353684272,758.8803313563798,68,5529
1.8600000000000012,-8.065821358143593,0.13575754556272532,0.0,2.3238885558260876,6.197455413978756,0.0,-12.286272594809404,1.2420040967749992,-13.743045271362206,6.88639386694004,-10.277647826778747,0.0,570.4885533376707,527.151038116355,370.95318416773534,507.5033179029226,69,5622
1.8600000000000012,-10.086111760394997,-1.0097865597123765,0.0,2.9612674735818665,0.3394945833493743,0.0,-12.540776449151725,-1.2716718008734438,-14.396329074554103,9.98743136968485,-6.934129516357431,0.0,541.8625439368825,492.5525266399623,405.9953413754168,489.09043192742644,70,5715
1.9200000000000013,-12.905336919175994,0.028238479366863502,0.0,5.740165835514379,0.542600322445117,0.0,-11.10494052217727,-0.3383346225511538,-16.506156490118006,12.478053873823306,2.2157076601163217,0.0,659.1217659081336,563.5961676088543,309.2944615404093,625.2580476982315,71,5811
1.8000000000000012,4.852785459829137,-0.04376277303969625,0.0,0.26784661755222583,5.682315350257543,0.0,2.000233490482576,-0.1061848068644054,-14.683315404510822,0.20227164705897022,-28.79317108546458,0.0,899.1103873516605,44.907717545496595,900.5980864276429,900.411159391551,72,5901
1.740000000000001,5.165631215817424,-0.003159834288586539,0.0,0.10041768592590472,0.9978053948971146,0.0,3.057495658437605,-0.1407625765903096,-15.69547311781151,0.0846048426415315,-28.804087510768355,0.0,899.3482354878328,37.76975163799956,899.8268011427414,899.5161839539389,73,5988
1.3800000000000008,4.549586005583409,0.012206558146429115,0.0,6.13002334357423,4.15638602809274,0.0,4.287196693301971,-0.14046826553538652,-13.631173614969239,-0.2677864634981345,-28.83422300113123,0.0,899.9055090616183,3.0868360251017726,900.2459126712406,899.6983012230226,74,6057
1.5000000000000009,5.366299147105531,-0.021734037930938133,0.0,0.25193161191046265,1.11581615390819,0.0,3.9847003913368386,-0.3639338477284845,-15.423550906961859,0.44643382286868216,-28.7801428743714,0.0,898.8074340321997,25.809623493720917,899.3993308874037,900.8485817213354,75,6132
1.680000000000001,5.52045942727678,-0.0035770354710226,0.0,6.191506243423156,2.51178143821555,0.0,4.882125330184247,0.024578599929540472,-14.794956988918681,-0.0993578274203691,-28.868640551810955,0.0,901.0386299617552,0.9218049846254568,900.025874416391,900.4420759086604,76,6216
1.740000000000001,5.099918862094263,0.003207463421894275,0.0,6.23874414740655,0.9723262853280774,0.0,2.986101164411129,0.0595392457526576,-15.691348578299344,0.013073603384356852,-28.830794741208244,0.0,899.9131524814926,2.409646740057148,899.5181469331095,900.185235572289,77,6303
1.4400000000000008,5.039298439950352,-0.0034832074658808173,0.0,6.269375489962801,2.637185740914262,0.0,5.24941094512635,0.00013864824500370125,-14.518104724555132,-0.08441944781871137,-28.844914453781925,0.0,900.4877238179607,1.0337548744897027,900.3035690030949,900.4312983109635,78,6375
1.740000000000001,5.509720726816019,-0.044738511815366346,0.0,0.22579287109157598,0.9620031750630602,0.0,3.2490874786534887,-0.37993975604996316,-15.858752705906268,0.1232031977523102,-28.789140596301973,0.0,898.6065583516238,28.07864573262445,899.6943773755846,900.0120069374057,79,6462
1.740000000000001,5.0651422493597416,0.002975039160914485,0.0,6.157491040489063,0.9365758418472758,0.0,2.9276653204480727,0.13793920995153652,-15.750910988969098,-0.1978555503169963,-28.84114240606473,0.0,900.238643032536,1.2032362443336626,900.4607429358585,899.8665408700556,80,6549
1.8000000000000012,4.610826078612831,-0.0032268777427937475,0.0,6.278389285603875,5.72802208384206,0.0,1.8489486996209774,-0.011894335795048745,-14.740922864808907,-0.117819772631334,-28.692116409948355,0.0,894.7696912919093,36.37346061734763,900.3414705359929,899.6604277344824,81,6639
1.8000000000000012,4.3467407093563715,-0.002253856141782544,0.0,0.01582954389707414,5.719254394755181,0.0,1.672695328525519,0.0057341393035601484,-14.583259971201677,0.08827921331908019,-28.74025830524183,0.0,896.2717817764639,32.142332088207596,900.047156981465,899.7975187063487,82,6729
1.680000000000001,5.235205895504908,-0.00022324418015191278,0.0,6.254988124815618,2.567447414332184,0.0,4.717461790632239,0.008810128678213396,-14.560449199111023,0.04835024843025946,-28.83177513896086,0.0,900.1424571279991,-0.5980175311607853,900.1221927263373,900.4632962291502,83,6813
1.620000000000001,5.234831132392858,-0.025507607782284086,0.0,0.20636318959841038,4.100674747725016,0.0,4.220434764843758,0.1186563732484179,-13.427416614433561,0.2016034169736202,-28.81955013681117,0.0,899.6927630873968,3.6053326048853798,900.0496127032982,900.3220646228269,84,6894
1.9800000000000013,-1.2307482570715749,-0.0003518290467046446,0.0,0.6752511341380973,2.0385482005507285,0.0,-1.6678615212262422,-0.09421133058137321,-14.261888975536142,2.5717793551424175,-22.674260422356497,0.0,632.2038123307397,279.13266795521224,538.1240854240809,621.2301231132973,85,6993
2.0400000000000014,-1.7615573636294348,-0.43840805609501415,0.0,5.217617930087588,2.4444887597170073,0.0,0.7766273003011169,-0.6225530859095822,-14.907469333825519,-1.7586472266890163,-28.29428907734936,0.0,896.1358599494968,6.349066422839436,899.6935671212535,899.8303426687617,86,7095
1.680000000000001,5.389977700987829,-0.10207682594757353,0.0,5.762811626353114,2.424955977456351,0.0,4.808036337347272,-0.06986652661454806,-15.076842669724693,-0.297320189714854,-28.833207667905352,0.0,899.9891720315012,0.0999717128516616,899.6312708237301,900.4163309137502,87,7179
1.4400000000000008,5.5224270776117255,0.0035248636681798314,0.0,5.600797457096629,2.4874356333998247,0.0,5.592112191570318,-0.05711697366420021,-15.17878194017813,-0.5187447034783803,-28.839365849306883,0.0,899.9624294277274,0.2889258257180681,900.0263487179085,899.8089392598584,88,7251
1.4400000000000008,5.518360642755144,0.037567475563716236,0.0,5.804334349141808,2.5017703889755563,0.0,5.574206054790464,0.006846639635930546,-15.071126972033554,-0.2763710941491167,-28.834422824100294,0.0,900.0578936463025,0.1001338437233843,899.7647185717244,899.6932670337893,89,7323
1.4400000000000008,5.584536254721828,0.02474157319901588,0.0,5.684685607855528,2.552303516146786,0.0,5.662215266795167,-0.06109413041260875,-15.340739195527563,-0.5459345504168347,-28.839725930338957,0.0,900.1955059556517,0.5091843770515632,900.7367700552438,899.9784430038246,90,7395
1.3200000000000007,4.668749051773478,0.07588414765961736,0.0,5.624972965346807,6.122570471673683,0.0,3.1188352298194766,-0.021154175997893154,-15.617699152669076,-0.7042290912135943,-28.833522577419036,0.0,900.077651714489,8.489100769333781,899.9657661021035,898.9686649140888,91,7461
1.2000000000000006,0.7833629357408273,-0.04688271774856149,0.0,5.52897833070395,3.335767966153089,0.0,1.88423401379699,-0.681008732836433,-15.017778905100245,-1.0473032078939615,-28.66231780556776,0.0,899.3821673411347,1.0607448785448335,899.4720182398243,900.1077854623851,92,7521
1.3800000000000008,-11.778044722839487,-2.6215821293150956,0.0,4.195548618536456,1.6182135861735158,0.0,-18.970539800253437,-5.443416708456715,-11.133405541497577,-1.9508949931254276,-4.525528436509467,0.0,592.583617790699,668.1010923402948,590.0100338793895,664.5374735825928,93,7590
1.1400000000000006,-7.8798002161145,-1.7322739486782885,0.0,3.533204583479751,2.6760002231132525,0.0,-12.972867391248743,-6.4473156020771265,-17.681060264059777,-3.4575447831235424,-20.920599831421537,0.0,790.7913698733712,406.9540853330649,640.0070819918532,715.7263375367747,94,7647
1.2000000000000006,-6.58118589800393,-1.1347624566279653,0.0,3.022856623344385,2.407440169922147,0.0,-12.219089921335035,-2.682190255269682,-14.87618992328918,-5.04063028804905,-16.240663969568622,0.0,743.8299266676048,529.6167383193064,547.6507554701772,629.7389607446732,95,7707
1.5000000000000009,-7.000547558252458,-3.6412077826591682,0.0,1.7991235490439959,1.1361525088351847,0.0,-12.940516660328289,-5.309431151425164,-14.768666577823929,-4.727090641886382,-18.96009872052869,0.0,663.0590209707098,314.1632812184413,640.8284909340795,700.6558402366383,96,7782
1.3800000000000008,-9.894063953067242,-1.7483586673210816,0.0,4.60084952954386,2.87160029296561,0.0,-12.719106513274735,-4.581424371599549,-17.743282567991244,-0.9715213790320268,-20.76054753568419,0.0,766.4773533829748,466.8274756316415,678.2765559098225,754.964220021317,97,7851
1.1400000000000006,-4.817771002496354,-0.781045664010572,0.0,3.7782881427484885,3.5181598818919504,0.0,-12.225233077871914,-4.655334477153527,-16.638161660910356,-6.715812681980771,-16.18171474027986,0.0,652.3402684741144,654.153742553686,599.0154701641502,553.3335406645845,98,7908
1.3200000000000007,-12.774872506388926,-2.250143112287971,0.0,0.236451212920457,2.9252558634140904,0.0,-15.774926400712193,-5.24233125821216,-17.789713729946392,9.243152341773943,-17.264150781445895,0.0,752.2728981121604,529.1880138433941,540.5586582030364,770.59911805803,99,7974
1.0200000000000005,-1.9054934984426137,-0.9614504791733315,0.0,4.1236007202720195,6.234540679815458,0.0,-2.983334758646042,-2.5491382681024377,-16.72856181181024,-3.3352212391595275,-27.46542184505981,0.0,877.7412991749227,282.47664281264423,775.5769342786677,779.9395734854304,100,8025
1.0800000000000005,5.620930671402229,1.1377399456074688,0.0,5.382812659171229,4.236219544761962,0.0,8.322458164975261,0.7915046457256202,-19.159472515738678,-1.2725669203959318,-28.82058072445631,0.0,899.7041054155167,0.27409046073857957,900.7797615688743,899.2123799367146,101,8079
1.680000000000001,-17.451078513977063,-0.5298185720904782,0.0,2.1750163892145693,1.2215347808273496,0.0,-13.689425759051247,-0.27298665520249465,-9.462076049536952,17.565720472716965,17.696380485528707,0.0,594.0007872625548,824.3663043729148,495.38448591774966,814.474810532947,102,8163
1.560000000000001,2.650569739684059,-0.8185953945515713,0.0,4.481460908158617,3.4416674465664254,0.0,2.6514269562468584,-1.5864051702958504,-14.62811203250211,-1.5440839846086059,-28.821777187731957,0.0,899.5287557522356,0.49792688878717456,899.8073979961167,899.5566209713037,103,8241
2.1000000000000014,-1.2733704619801336,14.791678823294056,0.0,4.1241369357718956,4.574596412943269,0.0,10.067546787851676,14.278711676107356,-15.544844511813054,10.242848395718905,-12.02866049671805,0.0,806.7222263616468,777.8031368545976,814.9761761545733,866.630997274997,104,8346
1.560000000000001,5.44857921148703,-0.04209699682975811,0.0,4.984029610235893,5.755268009893671,0.0,2.922029143681447,-0.7457302124191908,-15.133725719294079,-0.9443638635664965,-28.85776784909721,0.0,900.6478292429491,0.29292084368153104,900.1476307418628,900.615290284238,105,8424
1.620000000000001,5.76016183311435,-0.13269162564375478,0.0,4.9452689647163055,4.081324536688257,0.0,4.641213791122678,-1.705458269502392,-15.601025754337725,-0.9885643628060194,-28.83028268047651,0.0,899.6778093440738,0.5155549219725591,900.1033321323133,899.8206853087052,106,8505
1.2600000000000007,3.699811954598623,0.012645675649525658,0.0,5.337730927362884,0.8843354048988594,0.0,2.938849340787031,0.5124790334267082,-16.559417580053474,-1.0104829494016494,-28.847387155359336,0.0,900.2004452127735,0.17598862140586824,899.8434308632183,898.9383692121577,107,8568
2.0400000000000014,-9.916384559045698,9.750361639462465,0.0,0.9217962095887993,0.9632457625092741,0.0,-11.102920932738034,14.499543148916512,-19.068926643042207,8.241240516000143,-3.638677579245524,0.0,899.2044677885385,900.5755344790226,0.12903147624703842,133.93234258658555,108,8670
1.560000000000001,-10.688043111891838,3.1190718237616495,0.0,3.191237488740178,1.441206030007054,0.0,-16.35435525194739,5.439451951951848,-19.19122916217064,14.24417959716253,-3.7344556514110057,0.0,876.6695391402162,897.201441283259,1.3288541044159623,337.31904887145976,109,8748
1.8000000000000012,-12.566688825443938,4.775675820893163,0.0,1.3351156800672754,2.390563258668678,0.0,-13.189919683264256,8.203648656479107,-18.730661653905027,16.738983675157705,-1.2108785175651524,0.0,894.9763201540476,899.5262485583762,0.47142656437140135,445.44676261304966,110,8838
1.5000000000000009,-23.806506544427872,0.42962863897391257,0.0,5.8305509728410545,0.5356387388768784,0.0,-25.514310045971843,0.49278071558801373,-15.265634943563477,26.16432257832916,4.457039399749524,0.0,887.1854328044354,899.0003217750359,3.8810452331972174,791.7247021579412,111,8913
1.2000000000000006,-4.493188225270637,0.3235357678685516,0.0,5.787298846031424,0.4799993625456018,0.0,-7.273912331464041,-1.720700612601185,-14.273129337289356,-1.456229011026084,-25.30467930722034,0.0,898.5668927595461,0.4971657507916769,898.5179419636831,899.7066223391614,112,8973
1.620000000000001,-1.6968878398916687,1.5425809009938236,0.0,1.4531240803431782,3.6913222527882237,0.0,6.892643624206937,2.2747442290139936,-17.397817987788358,11.97007880739678,-27.745032238234263,0.0,898.8301718868387,22.88118228738557,831.1479688374797,895.9848157755206,113,9054
1.740000000000001,-11.034381649681276,-0.5265108682295628,0.0,2.8127514499589736,0.430376152769929,0.0,-18.638824845524663,-0.3069804490195743,-13.030732792543278,28.81627711675073,-5.711031835820438,0.0,898.8992193832795,897.4033650689468,6.587931940160673,899.5737048693968,114,9141
1.9200000000000013,-15.287931395180683,-4.11670484190018,0.0,2.612838489783922,3.7894964147631676,0.0,-4.8067947592866025,-4.402041939813501,-14.65656024710235,28.818552129173604,-3.520035554323066,0.0,899.6155398218791,899.6443995381984,-0.24996718994039613,899.4712496554992,115,9237
1.620000000000001,-3.1846903982179215,-3.7798285435830605,0.0,5.367117873017527,5.159979266319787,0.0,0.060421752197580614,-7.59034621828018,-15.9767405734347,28.789761544121546,-27.058875544015887,0.0,899.0731127714088,13.195092446461318,49.261955160077726,899.5846262326382,116,9318
1.740000000000001,3.1283876267588666,0.018271602202951428,0.0,2.6096241071438335,2.74011508371788,0.0,8.815966199431003,-1.5660318890497007,-12.039132234104992,27.695659717869866,-28.498610223665292,0.0,900.2249217597453,-0.21766756733145703,175.69726517442527,900.4081644175542,117,9405
1.4400000000000008,6.47564720523798,2.648793607716426,0.0,0.3050153961859472,2.4235022222866807,0.0,6.633335569741759,4.126454330926752,-18.677286536451604,28.85138621048315,-28.81209225424007,0.0,899.4806532538756,-0.08793579885943067,0.2349593374936692,900.67869449722,118,9477
1.4400000000000008,-5.2910907992676846,-1.6506899892734372,0.0,0.2531633905799886,2.94736654342506,0.0,5.176212952755758,-0.041944180752280597,-14.397247832187801,28.80064566478498,-2.6856042512843215,0.0,899.4696140739833,900.0430150297979,-0.0903856547394859,898.8330932209016,119,9549
1.740000000000001,0.8603011371955525,2.0349343951882735,0.0,2.695714147865772,6.133308512630297,0.0,2.138157037300659,2.0932089520543515,-14.228650902201686,28.837246674248565,-0.25554105316679493,0.0,900.0999988965634,899.292375527858,-0.9800096824793332,899.9802152982032,120,9636
1.740000000000001,-3.851715126396616,1.9716031579249385,0.0,2.6539679642846217,0.41967659565948523,0.0,-9.079207279505683,1.8845202926841746,-13.783872683195908,28.75849111332601,0.3677995811269258,0.0,898.2240862767675,899.0008613321369,2.303110563068061,897.2912249371637,121,9723
1.740000000000001,-1.5310639630780978,1.9677135724313726,0.0,2.686494241485038,0.17831200306598483,0.0,-3.3150852338120584,2.0310644846499186,-14.148460507191947,28.736215163520303,0.3501034454597984,0.0,895.2090405528122,898.1829875668519,6.424455008254781,896.9616169492268,122,9810
1.740000000000001,1.5731060349568466,1.9870002931301547,0.0,2.6896531070345784,6.106403229266883,0.0,3.499777563464402,2.051557519466341,-14.137147804533946,28.85062019410203,-0.20026024139688992,0.0,900.5509180628634,899.8233826169887,-0.4915603088776145,900.5428104463698,123,9897
1.740000000000001,-0.43390067539336397,1.9513295819201113,0.0,2.6386682986616528,6.253869317860804,0.0,-0.4320638762215071,2.0049000233305114,-14.203084529375412,28.846509012529935,-0.14274742171219967,0.0,900.6378430571809,900.2539782956616,0.44244322571922823,900.3735858498677,124,9984
1.740000000000001,-1.9261006963736955,1.9844384464628653,0.0,2.625297219980773,0.24072694733870748,0.0,-4.297220852538611,1.9781284979455873,-14.072314759373045,28.694077851205776,0.5192169090670519,0.0,894.964721901407,899.0518264274724,6.348947233393905,895.456327883102,125,10071
1.740000000000001,-0.26215402292156303,2.01208207774574,0.0,2.663652665909165,0.024575586946858685,0.0,-0.5382564277537383,2.0637713392548824,-14.231467377688503,28.7497737524483,0.11058780889574829,0.0,896.5620968780328,898.3736973390712,6.6101767951793615,897.1633023595334,126,10158
1.740000000000001,-0.338929067029164,1.9936717983269132,0.0,2.6216225898711034,0.07354445775523732,0.0,-0.9997869205464329,2.0175705471103518,-14.201085109514743,28.757476143802716,0.16555848839758563,0.0,896.9906055829506,898.3046780569899,5.919035716032895,897.3599385870389,127,10245
1.740000000000001,0.17907661439949646,1.9945390187996457,0.0,2.676942357109443,0.02156399360441874,0.0,0.03307596703636218,2.0624421840134053,-14.237133167201963,28.757702770340945,0.03919633673603063,0.0,897.5115171576383,897.5957762676214,6.685027776750797,897.1431847805502,128,10332
1.740000000000001,-0.08877326857631866,1.9990735389565575,0.0,2.6627600507837563,6.224804838430789,0.0,0.43490038144722565,2.059229686835512,-14.243857106662494,28.833783789185073,-0.04485757253156704,0.0,899.9539497182869,900.059548269117,0.20570720401064807,899.9744173597164,129,10419
1.740000000000001,-0.3850680684203191,1.8912713653459876,0.0,2.563253995063972,0.04414744059970577,0.0,-0.9223240674691143,1.9035878092530272,-14.13955637984905,28.752493157300556,0.11535805713899185,0.0,896.326867077049,898.0112007430067,7.065608177881897,897.1229358651154,130,10506
1.740000000000001,2.16605893007693,1.9424080945179805,0.0,2.620813277684423,6.105557919649028,0.0,4.280116716228814,1.9674169008256488,-14.032504449380733,28.834280216925254,-0.03450107052052126,0.0,899.031527880164,899.9537263122163,-0.6181872943885667,900.1263530804736,131,10593
1.740000000000001,2.7507089600581818,2.080915898558972,0.0,2.7518493538040776,5.927103331176095,0.0,6.4500625074601645,2.0816659851227977,-13.931486090190804,28.83542837384694,-0.2787367329041399,0.0,899.2367092527479,899.8541182979378,0.220170741091881,899.8400416455784,132,10680
1.740000000000001,-0.8830855582062755,1.98927586254268,0.0,2.654692661434556,0.12341578462303993,0.0,-2.0654552821820267,2.0329145250254386,-14.193010160052584,28.744000029927946,0.21938320113417953,0.0,896.3649269958756,897.5138995958874,8.466248339114975,897.0827926310379,133,10767
1.740000000000001,-2.6404622612621615,1.978559412957041,0.0,2.6589231487824456,0.32982215527690073,0.0,-6.318830964234763,1.958738787996423,-13.973726702531378,28.74657883252361,0.4715356798737752,0.0,896.134154797016,898.4873756033705,4.720388902186369,896.9154804745289,134,10854
1.740000000000001,-0.6773265331667848,1.9852400446778995,0.0,2.6539074969188263,0.3029332729215666,0.0,-2.8759232294358505,1.9917312433590626,-14.164963966423935,28.740261096448624,0.7253202572369442,0.0,894.5827358994867,897.3226158200624,10.707247376969685,896.9376925190945,135,10941
1.740000000000001,-0.9579062479406242,2.0221394096070964,0.0,2.7003423672646125,0.1320748200343287,0.0,-2.461701055412874,2.0838417564994067,-14.208493398110324,28.746744492615736,0.23294524358861243,0.0,895.1761657791885,898.0280362953705,10.35601763151974,897.2284014223267,136,11028
1.740000000000001,-1.7080206137578957,1.922443102021164,0.0,2.600631312773153,0.19154708367349826,0.0,-4.006533785420324,1.9322940703557832,-14.057883166199955,28.7534530117032,0.2531479343672058,0.0,895.2920499635965,898.0648839507004,7.886315298231959,897.4355950511463,137,11115
1.740000000000001,0.9431692101494272,1.987909533765805,0.0,2.6446649515094585,6.194961085178566,0.0,2.0154090541324865,2.0335919244603775,-14.192393474075155,28.842789774754646,-0.002875762434482846,0.0,899.3642498829963,900.2688037436969,-0.03879489445375604,900.1832649158747,138,11202
1.740000000000001,1.1270697250901915,1.9613862641041748,0.0,2.6736281689159895,6.175517777442483,0.0,2.383135808937169,2.0372122843640827,-14.182490623963169,28.82800757407944,-0.06574784537544276,0.0,899.4778868505542,899.7627513053192,0.296626243683082,899.6954018967809,139,11289
1.740000000000001,0.9576118378132352,2.0106031243094433,0.0,2.6954727655572945,6.224284946243511,0.0,1.8812567425633089,2.0875090362236675,-14.232716521292206,28.838602143599026,0.07022300049711325,0.0,899.5588592394841,900.3006494967302,-0.22507743091050525,900.0812547458529,140,11376
1.740000000000001,0.48256817574167654,1.975211411389014,0.0,2.6649106861433935,6.161764175590225,0.0,1.5978480414590308,2.0377574261770457,-14.21319205955481,28.84466263768112,-0.18577477705557138,0.0,900.2769301039475,899.5571331523979,-0.7039049949511571,900.1823409963836,141,11463
1.740000000000001,0.9225477248829023,1.9326405631966146,0.0,2.6347744612728015,6.206882540556542,0.0,2.0075102955341406,1.992887199395792,-14.167357892659451,28.832919893965375,0.04563159959220952,0.0,899.6862401697625,900.7743438037594,-0.6673121816580938,899.8127401613059,142,11550
1.740000000000001,-0.8370372520249112,1.9386779613119898,0.0,2.622263257261194,0.192950793768782,0.0,-2.6543176078077386,1.9656259889193985,-14.129323661460095,28.730924607013822,0.36216258265991524,0.0,896.1815520744102,898.1854592045513,6.5498742278574085,896.7708278940158,143,11637
1.740000000000001,0.4442074205691807,1.9798634150028678,0.0,2.679111461654811,6.176018811312403,0.0,1.239708748990993,2.055008182862215,-14.231759747017815,28.82249184595786,-0.2868531181247296,0.0,900.4066637895121,898.7885575413519,0.842719829084404,899.5693779599604,144,11724
1.740000000000001,-1.222577687583385,1.8781848925777256,0.0,2.6097502960803,0.1592087103452604,0.0,-3.140966315691114,1.9203147077234302,-14.08980378004524,28.748120249822566,0.24038550934075112,0.0,895.9583230810108,897.9581789283852,5.3140510810161565,897.1497146093818,145,11811
1.740000000000001,-0.7074408846937055,2.0083914410512183,0.0,2.640972914367051,0.1471998983262326,0.0,-1.977606308280571,2.0313792116781064,-14.190087999987453,28.761783828217627,0.3130649886815077,0.0,896.3488159750548,897.5445105636077,6.0288580611982985,897.7283534828935,146,11898
1.740000000000001,3.238394570715553,1.921828446867389,0.0,2.6091623177195515,6.017043596395464,0.0,6.202074129431253,1.91858666883696,-13.831705628229289,28.82907610181632,-0.18906042186773034,0.0,900.239759849279,900.2660382467353,-0.2861569157870821,899.6909319412908,147,11985
1.740000000000001,-1.8354115608472314,1.9292377208651792,0.0,2.6051961457368655,0.22393312767037266,0.0,-4.3989337203934715,1.9307857601138763,-14.047158999574798,28.753598152679587,0.2970584977127262,0.0,895.3966745886013,897.5612739540528,5.4536379203501015,897.3356165647186,148,12072
1.740000000000001,-2.7491891369400703,1.9405298531407453,0.0,2.6430114266358,0.40014834765713747,0.0,-7.221067106852837,1.888852092967257,-13.908538440158223,28.770081212999024,0.47165923875877513,0.0,896.6047058498543,897.2472776999125,3.973081344951589,897.6311411173808,149,12159
1.740000000000001,1.6682098398169107,1.9830130612809163,0.0,2.6855570255749726,6.080585997130809,0.0,3.7225196851506617,2.042858440539394,-14.12376757568588,28.82925698262762,-0.2272559539097939,0.0,900.3818126701999,900.30372885602,-0.22541033079736697,899.8817400421557,150,12246
1.740000000000001,0.21630474333759345,1.9535846022664756,0.0,2.661606009707995,6.157386364932279,0.0,0.8148138026183583,2.0150803416562777,-14.2226907888382,28.836299210757588,-0.39665777142093045,0.0,900.8931472420412,898.3482878378626,0.41427132474570333,899.8979973372652,151,12333
1.740000000000001,5.583852583098,2.023495495626964,0.0,2.6745452311942604,5.668960512297552,0.0,11.643814427185138,1.8071501018969671,-13.131091554516168,28.831051724516033,-0.639422150366135,0.0,900.7244337603212,899.7189253924732,0.2331578851630302,899.8382166663238,152,12420
1.740000000000001,4.227281936406409,2.000710775342478,0.0,2.717129234070068,5.802296707895392,0.0,8.768922268684102,1.9336954728197373,-13.596432219932618,28.838079341237016,-0.5038139024121777,0.0,899.7367460652482,899.8393996335957,0.7048232053084996,900.1804263274892,153,12507
1.740000000000001,10.577472319358217,1.8961228342169916,0.0,2.669815959825243,5.335540291856635,0.0,18.897285555852378,1.304787618486127,-12.015875340659209,28.83113054216273,-0.7827537418651676,0.0,900.4382992197757,899.1776010403084,0.03985124977543314,899.7822360153076,154,12594
1.8000000000000012,16.491827937383235,1.9257983832595758,0.0,4.395145413091452,4.53345125354312,0.0,24.15000496363586,0.9713679932872289,-14.015432684164878,28.810258891670415,-1.0828253750331795,0.0,899.623142360328,899.3862901667333,0.5559672503928018,899.408805371576,155,12684
1.740000000000001,20.80235620676533,1.832813980269453,0.0,2.642747643803677,3.4101879496252856,0.0,30.55365032198245,0.11524539768464181,-13.385220192467703,28.83509119203367,-1.6225091861298924,0.0,900.4263755468,899.8083939450885,0.5988050583443254,900.134199009439,156,12771
1.740000000000001,21.115137479619666,1.780274805136611,0.0,2.6478929435958243,3.346387984017692,0.0,31.01608901082788,0.021091351521172697,-13.364358857329638,28.843801021987808,-1.629099407797538,0.0,899.8590737586042,900.2865602221663,-0.028740719463334397,900.4035584717026,157,12858
1.740000000000001,19.13760542121352,1.7128996192636232,0.0,2.6458475957738514,1.886813467311704,0.0,16.78552702457644,0.7814942785343593,-16.39431147796558,28.822579980130232,-2.330879108610925,0.0,899.9377852653786,899.4258027341866,-0.13086575250541943,899.4302302841581,158,12945
1.620000000000001,-8.889074619286474,1.6924850063531465,0.0,5.490870095701258,0.6017429505258409,0.0,-5.469054676213978,1.1539273553070468,-14.387697258359456,28.813145708646736,-24.599523146902524,0.0,899.6535026513207,442.4689599722349,-0.29143095544394587,899.3031089471752,159,13026
1.3800000000000008,-0.8476630653586151,2.1229602636116085,0.0,4.867037175857259,4.898012217258765,0.0,-2.0312886939707195,2.990493991374285,-16.892172882043134,28.801160062615804,-24.87507102883956,0.0,897.3856764976331,423.43458837321066,0.4800728310987348,898.6154101869745,160,13095
1.8600000000000012,-3.047499628173068,-12.229123604224876,0.0,6.095733937103862,5.370310403499172,0.0,-2.2276532561504543,-15.31555933306536,-9.489696180751293,28.850321320474798,-28.83937868474622,0.0,900.0549523683247,0.3791677467485357,-0.6990766177409722,900.5832675864627,161,13188
5.0399999999999805,-12.05490660080055,-57.801052237163596,7.250664768810432,3.590753192748057,2.1772786269919173,0.0,-1.1484466524760923,-20.25779524542132,-0.018382663802062937,28.827106207686523,-28.82846302235807,0.0,899.7410204921642,0.06799138368702089,-0.14494513852328123,899.7697981055235,162,13440
5.0399999999999805,-12.19983779772412,-58.590747897447685,6.867949656943975,3.5955767696081598,2.112766434241937,0.0,-1.180978935999825,-20.85529526176075,-0.5454549357841483,28.83309593793209,-28.83818332730164,0.0,900.3223790597126,18.89088891049484,0.31178011975227593,899.9606582628585,163,13692
1.740000000000001,12.492350141713889,-0.5343650180929344,0.0,2.614315297036402,3.568172993042859,0.0,9.870789746651008,-1.8868911063360976,-8.495830743151924,28.842423742092123,-28.811160816961316,0.0,899.2755413461405,8.712460317192013,0.4148144193778254,900.39768566484,164,13779
1.3200000000000007,-2.7750933118600147,-0.3596542953669865,0.0,3.140316849458962,3.330853783398366,0.0,-3.7122817238653543,-1.8763062671519024,-12.232321010360547,28.820448895115792,-24.505293850166993,0.0,898.8518727597107,449.62531793608866,0.5754754856795526,899.6808284905701,165,13845
1.740000000000001,-18.821464666664255,3.8533241376456235,0.0,2.6187305242462617,5.963687938699635,0.0,-15.249267796826047,6.74153739359459,-15.795094710615546,28.82725695226321,-28.833227418932722,0.0,899.9135216297016,0.2040236041759434,-0.09828147009707916,899.858167984683,166,13932
1.5000000000000009,4.470977968159038,1.4979271155118685,0.0,2.075433739734475,4.679805914532141,0.0,3.784479174439297,3.36118898346123,-12.34508239565112,28.823209215027006,-26.848276498015846,0.0,899.8814747920592,381.7638393134779,0.34770025512520114,899.6672722397612,167,14007
1.680000000000001,-13.608275418357877,2.5634677444951874,0.0,0.9183166367799327,1.3805295243750937,0.0,-15.251277166052258,5.338751778837715,-15.052899376106987,28.84135866754977,-28.82202778319969,0.0,899.9109430281397,1.8047550403144454,0.19406960684554975,900.2694678436621,168,14091
1.4400000000000008,-6.2019893558548,1.0009465867591392,0.0,0.23009997791035985,3.9693527983880514,0.0,-3.4380300345286807,-0.8975239898583142,-16.42440492945998,28.848270808835988,-28.776786137288973,0.0,899.6435579066703,10.53042625541703,0.10371535956995884,900.2530035291293,169,14163
1.680000000000001,-10.831270995341661,-3.703674049667201,0.0,0.9019075096678622,4.693489103820859,0.0,-7.51546688640607,-7.224811419325117,-8.865243059779646,28.835012373456326,-28.84215820366208,0.0,900.223089723176,15.796262930779426,0.2525981820900274,899.9656625220213,170,14247
1.3800000000000008,-6.008492375102584,-0.10821900598842166,0.0,4.82267739130053,6.150446097008571,0.0,-4.32318877335447,-3.2967793460412858,-15.503167214193954,28.843610057512393,-28.83967347145842,0.0,900.3411992201915,5.497999150205466,0.2884622995089967,900.4526434366004,171,14316
1.560000000000001,-1.7595539619979432,1.3717815200105836,0.0,3.7667735119351455,3.0190850769764346,0.0,-0.3062190971545111,0.7487595140612551,-10.852299255446457,28.825415488051853,-28.552707425673137,0.0,900.485924721712,143.95671661924484,0.1330281515822738,899.695268911718,172,14394
1.9200000000000013,5.241931230064824,4.769629018098785,0.0,1.5543646311459538,5.737476237043777,0.0,2.5615792002009115,8.695510756280092,-8.61140087613693,28.848345711264063,-28.824604731277063,0.0,899.6606943473158,0.43715057244325967,-0.758987243946171,900.4488234947007,173,14490
1.740000000000001,2.7196365940895695,-3.274607146372494,0.0,2.690610814696578,5.657346444022911,0.0,2.1922172691616395,-0.8763213518048788,-13.824985052556956,28.831833919987567,-28.13014158122846,0.0,900.2123403800252,98.69112961976674,-0.37156684879624063,899.7731341527893,174,14577
1.680000000000001,0.6607169670740116,-2.404982225207856,0.0,0.9299262870812619,0.1581635595572246,0.0,1.529632382796522,-2.2050123112800155,-14.16444834383369,28.836407961677047,-22.859392849754844,0.0,899.9273899555172,583.8866200439613,2.068618429092372,900.0990469667846,175,14661
1.680000000000001,-2.1424461436021818,-0.9450071671317909,0.0,0.9083573546244708,5.3361068817654385,0.0,-2.4757876590234607,-5.207469151955043,-9.373253634284538,28.826673324640666,-27.60682661374591,0.0,897.705472660325,259.32581759601214,2.332686382091265,899.5958505554917,176,14745
1.560000000000001,0.1435372134736189,-1.0483319620505203,0.0,3.7670143057822596,4.294796016677308,0.0,0.02578940250106465,-4.0181865391529294,-12.204173848370132,28.826977144157812,-27.493944519781692,0.0,899.7931537386518,43.47745753563282,0.45474661166380503,899.7153066272914,177,14823
1.740000000000001,2.0202049673613605,-1.7547294188524227,0.0,2.583950254470004,2.7495926920027607,0.0,0.6641613765422764,-2.876968613022476,-13.506127086658143,28.829854569491005,-28.48649933826729,0.0,900.3511010547685,39.86827047967086,-0.51895510962467,899.8101933163372,178,14910
1.4400000000000008,3.4600123635336706,1.7772681785067053,0.0,0.24506393953974026,2.8721985925987834,0.0,3.3740666862148143,2.981337130254179,-17.341705901442975,28.81657273503288,-28.788130952716976,0.0,899.7592695864971,1.8097990999867068,0.393170667755508,899.5640902091664,179,14982
1.620000000000001,2.9612762328740363,-0.23938501154411257,0.0,5.483387108550662,1.4843339319830164,0.0,1.9580591489850772,-0.8567215581460489,-13.851430483512095,28.849577313435674,-27.868837721348346,0.0,899.48628783804,24.558058641785152,-0.3180578936006531,900.496579193503,180,15063
1.8600000000000012,-13.557637070457295,-3.7542277997435596,0.0,6.124432009839975,5.269457024791162,0.0,-10.840034051682487,-8.862656621678486,-11.359568359906651,28.826126167368407,-28.837732936324866,0.0,900.2328698210196,1.64104766570512,0.6372919135358464,899.7030796215115,181,15156
1.4400000000000008,11.716703848565539,2.1783287382957135,0.0,0.2443201106053241,3.2885559255113197,0.0,14.421454886323074,3.4801448453664863,-16.021706908809897,28.832983116402566,-8.871905815055326,0.0,900.1722856046589,899.6986426266018,0.26216599262774826,900.1080681524608,182,15228
1.4400000000000008,3.9217358027070843,0.28122083356315103,0.0,0.052226928840703124,1.479540252326923,0.0,0.6425519402530145,0.32075182690973475,-14.40782326363175,28.82082877631832,-5.478628680084494,0.0,900.4777178629101,897.6193281612767,0.6109424467061729,899.4404164413214,183,15300
1.740000000000001,-23.241959695771985,4.704864532908172,0.0,2.429774955147746,4.634561361060143,0.0,-18.037803604944163,8.568338640618533,-10.02765864393561,28.838939487627854,-28.843441829842774,0.0,900.2898195462092,0.27306020755496446,-0.27195304941282755,900.129966590176,184,15387
1.740000000000001,17.449033331345706,1.7251141824712821,0.0,2.423937713673176,4.366235135967418,0.0,24.725230307920086,0.8547332765381729,-13.923825315559812,28.81048563068698,-1.080266230374969,0.0,900.3533271724425,899.7668022844553,0.025088864317094027,899.4917359680053,185,15474
1.680000000000001,-8.504494357784576,1.7177671747897671,0.0,0.8011722524817033,4.616376739999435,0.0,-12.047129359696756,-0.7166059002598327,-14.095341750933356,28.838826911811925,-28.73958907068719,0.0,900.4317192804301,0.8263738703357533,0.22472285147972482,900.1558152019867,186,15558
1.740000000000001,-12.281649346767997,1.017459552731822,0.0,2.6354909744468618,2.9945721301307806,0.0,-7.863992217255626,-2.5354562749310765,-11.510127784190145,28.8454021994105,-28.83466061802317,0.0,900.0932804144605,0.6965016839076004,0.0697311886925336,900.0690292268212,187,15645
1.9200000000000013,-0.9456003165008654,6.068275927288495,0.0,1.492741452586185,1.451445532091915,0.0,-0.5961367383258784,3.0558403738837763,-15.076708327499624,28.836875646876074,-19.450727166370186,0.0,897.7442106868741,397.5605994588898,-0.22639599515479653,899.9258964632697,188,15741
5.0399999999999805,-0.276185776769837,24.099401035879616,35.940981267797405,2.917220291171228,2.7340695543166653,0.0,-0.6933383928460615,8.024089554832317,8.193815913321046,28.859278244697144,28.82887408064544,0.0,-0.17101272475816603,899.7169557393112,-0.407083193787117,900.8663683264685,189,15993
1.3200000000000007,3.411545564979838,-0.14928654236520764,0.0,3.097472662307805,1.046497598991472,0.0,2.5151982847650354,3.3130226388697683,-17.692798776431257,28.82569354888465,28.822240366455674,0.0,0.7151831291438224,899.731547706104,0.4142040716795554,899.7231666650215,190,16059
1.620000000000001,-2.93385496388298,3.628891111986246,0.0,5.475006877045571,3.012909602395437,0.0,-1.0095117614571372,2.6391004016828736,-14.246511822163665,28.82317554792339,-25.332387382376517,0.0,898.1131455078873,35.270410610146584,-0.03010701485295593,899.7082761478265,191,16140
4.020000000000002,-2.1212856273061735,57.39600872300563,0.0,5.530076085969718,4.7201223885286225,0.0,-0.6311302619647163,23.788299318128857,-5.520717927417081,28.848390519987692,28.84045306506787,0.0,0.4754570094409077,900.1127864623651,0.05253403991489805,900.4633025804675,192,16341
5.0399999999999805,-3.3451780171679117,3.814181201835531,37.15897192296331,3.553108080848416,3.5610497941029173,0.0,-1.347017635438929,0.18435830938755177,9.43208809239615,28.841087723185122,28.82851690228987,0.0,-0.4333136692737596,899.7053689956399,-0.0016489735226125257,900.311510724428,193,16593
5.0399999999999805,-3.2827494440475027,2.548147014598613,37.24298197300783,3.582756625353209,3.6091360635383403,0.0,-1.3301310213715491,-0.2153034373929883,9.465786013885076,28.839122199867248,28.844264196556935,0.0,-0.5391680211096068,900.4295719860138,-0.326322618038413,900.2028917121914,194,16845
5.0399999999999805,-3.340364386407942,-1.8326591671597106,37.03686650569385,3.554626596040583,3.6058851655913955,0.0,-1.3402347258499618,-2.2673778050032065,9.393608298620922,28.835107742291697,28.837375659882913,0.0,-0.47334944684710545,900.0330037359377,0.378653388236058,899.9296779341046,195,17097
5.0399999999999805,-3.2118043898297097,4.7055106570023515,37.15146062874584,3.543959754694063,3.5443199777141174,0.0,-1.322988554404259,0.3713173239150016,9.412294741189417,28.82698223792688,28.835252321565047,0.0,0.2014427052524716,900.1000491884923,-0.45733792130906037,899.6602246404202,196,17349
5.0399999999999805,-3.2749558371898786,7.586618827687581,36.985477783518206,3.6210260958380047,3.5408387343345673,0.0,-1.3333174087000632,2.1507545011565923,9.342359169681188,28.84209273156243,28.835524084039527,0.0,0.33535688740435204,900.0456621203253,0.24926205797399797,900.1878943161995,197,17601
5.0399999999999805,-3.1902791226858462,14.977074324916503,36.319461943162395,3.6366790368962114,3.5485726229877574,0.0,-1.308879134695229,4.643365305495185,9.042545904266335,28.853162396616735,28.838820303647132,0.0,-0.7437450052629064,900.0632526940543,0.3411091950082746,900.481299609669,198,17853
5.0399999999999805,-3.18663802704334,14.872176293062747,36.28307149467293,3.6062510576512956,3.530970749073136,0.0,-1.3101526973189364,4.182988982583069,9.086807611998951,28.84490779462854,28.839545648619232,0.0,-0.13681570033358925,900.0412757880173,-0.3428119299355202,900.3035809091882,199,18105
5.0399999999999805,-3.2756566190713485,4.494646133452093,37.140359991035325,3.518927505034645,3.531053825563923,0.0,-1.3389293971397174,0.05481200102997821,9.40209612803861,28.84300529345545,28.827310576056718,0.0,0.06758564568554805,899.7139846678843,0.23010488783752325,900.1893612222389,200,18357
